# This is a clothes file for MakeHuman Community, exported by MakeClothes 2
#
# author: unknown
# license: CC0
#
# description: 1960s dress design
#
basemesh hm08

# Basic info:
name Vestit vintage
tag female
tag casual
tag leisure
tag vintage
tag dress
obj_file Vestit_vintage.obj
material Vestit_vintage.mhmat

uuid e1faff16-8ee2-430a-b014-c48ba109c72e
x_scale 3924 10589 0.24
y_scale 1524 4370 0.556
z_scale 1892 3946 0.1557
max_pole 5
z_depth 50

# Vertex info:
verts 0
15328
15329
15330
15331
15332
15333
15334
15335
15336
15337
15338
15339
15340
15341
15342
15343
15344
15345
15346
15347
15348
15349
15350
15351
15352
15353
15354
15355
15356
15357
15358
15359
15360
15361
15362
15363
15364
15365
15366
15367
15368
15369
15370
15371
15372
15373
15374
15375
15376
15377
15378
15379
15380
15381
15382
15383
15384
15385
15386
15387
15388
15389
15390
15391
15392
15393
15394
15395
15396
15397
15398
15399
15400
15401
15402
15403
15404
15405
15406
15407
15408
15409
15410
15411
15412
15413
15414
15415
15416
15417
15418
15419
15420
15421
15422
15423
15424
15425
15426
15427
15428
15429
15430
15431
15432
15433
15434
15435
15436
15437
15438
15439
15440
15441
15442
15443
15444
15445
15446
15447
15448
15449
15450
15451
15452
15453
15454
15455
15456
15457
15458
15459
15460
15461
15462
15463
15464
15465
15466
15467
15468
15469
15470
15471
15472
15473
15474
15475
15476
15477
15478
15479
15480
15481
15482
15483
15484
15485
15486
15487
15488
15489
15490
15491
15492
15493
15494
15495
15496
15497
15498
15499
15500
15501
15502
15503
15504
15505
15506
15507
15508
15509
15510
15511
15512
15513
15514
15515
15516
15517
15518
15519
15520
15521
15522
15523
15524
15525
15526
15527
15528
15529
15530
15531
15532
15533
15534
15535
15536
15537
15538
15539
15540
15541
15542
15543
15544
15545
15546
15547
15548
15549
15550
15551
15552
15553
15554
15555
15556
15557
15558
15559
15561
15562
15563
15564
15565
15566
15568
15569
15570
15571
15572
15573
15575
15576
15577
15578
15579
15580
15581
15582
15583
15584
15585
15586
15588 15589 15602 1.0115 -0.1462 0.1347 -0.0017 0.0012 0.0015
15588 15589 15602 -0.0605 0.9258 0.1347 -0.0017 0.0012 0.0015
15883 15590 15603 -0.0219 0.8302 0.1917 0.0004 -0.0010 0.0022
15589 15588 15591 0.0027 0.0339 0.9633 -0.0018 0.0016 0.0016
15589 15588 15591 0.9974 -0.9590 0.9617 -0.0014 0.0013 0.0013
15590 15883 15884 1.0618 -0.9403 0.8785 0.0003 -0.0003 0.0011
15594
15595
15596
15597
15599
15600
15601 15602 15683 1.0195 -0.1698 0.1502 -0.0018 0.0012 0.0014
15601 15602 15683 -0.0524 0.9022 0.1502 -0.0018 0.0012 0.0014
15687 15603 15604 0.1552 0.7088 0.1360 0.0007 -0.0012 0.0018
15686 15604 15606 0.3498 0.2252 0.4251 0.0004 0.0013 -0.0011
15606
15607
15608
15609
15611
15612
15613
15614
16480 16488 15615 0.3034 -0.2490 0.9456 0.0002 0.0001 0.0003
15616
15617
15618
15619
15620
15621
15622
15623
15624
15625
15626
15627
15628
15629
15630
15631
15632
15633
15634
15635
15636
15637
15638
15639
15640
15641
15642
15643
15644
15645
15646
15647
15648
15649
15642 15650 15904 0.5192 0.3346 0.1462 -0.0001 0.0011 0.0005
15651
15652
15654 15681 15682 0.7628 -0.7728 1.0101 -0.0005 0.0001 -0.0011
15655 15679 15681 0.7589 -0.7821 1.0232 -0.0010 0.0005 -0.0009
15656 15680 15679 0.8900 -0.9089 1.0188 -0.0010 0.0006 -0.0004
15656 15680 15679 0.8376 0.1956 -0.0332 -0.0018 0.0011 -0.0007
15678 15657 15653 0.2073 0.8739 -0.0812 -0.0002 -0.0003 -0.0020
15659 15650 15675 0.6906 0.2644 0.0450 0.0020 -0.0019 0.0001
15603 15660 15675 0.0757 0.4273 0.4970 0.0018 -0.0017 0.0018
15662 15654 15653 0.8660 -0.9391 1.0731 -0.0008 0.0003 -0.0022
15662 15654 15653 0.8429 0.1850 -0.0278 -0.0008 0.0003 -0.0021
15663 15655 15654 0.8505 0.1804 -0.0309 -0.0015 0.0008 -0.0015
15664 15656 15655 0.8631 0.1844 -0.0476 -0.0018 0.0011 -0.0008
15917 15665 15657 0.0217 0.7997 0.1786 0.0005 -0.0007 -0.0025
15916 15659 15666 -0.0086 0.3133 0.6952 0.0018 -0.0018 -0.0011
15659 15660 15667 0.0058 0.2758 0.7184 0.0014 -0.0017 0.0002
15669 15662 15661 0.9564 -0.9465 0.9901 -0.0013 0.0005 -0.0033
15670 15663 15662 0.9776 -0.9938 1.0162 -0.0016 0.0010 -0.0017
15671 15664 15663 0.9653 -1.0161 1.0508 -0.0021 0.0014 -0.0009
15671 15664 15663 0.9441 0.1094 -0.0535 -0.0018 0.0012 -0.0008
15661 15665 15672 -0.0492 0.1174 0.9318 -0.0001 0.0000 -0.0027
15917 15666 15673 0.0127 0.1127 0.8745 0.0021 -0.0018 -0.0011
15666 15667 15674 0.0028 0.1137 0.8836 0.0021 -0.0018 0.0004
15604 15675 15651 0.2268 0.0206 0.7525 0.0001 0.0021 -0.0007
15677
15678 15682 15644 1.0656 -0.2700 0.2045 -0.0002 -0.0001 -0.0028
15680 15647 15646 0.8840 -0.9285 1.0445 -0.0021 0.0015 -0.0008
15680 15647 15646 0.8218 0.1785 -0.0003 -0.0020 0.0015 -0.0008
15681 15645 15644 0.8332 0.1468 0.0200 -0.0014 0.0011 -0.0026
15681 15645 15644 0.6946 -0.7156 1.0210 -0.0002 0.0002 -0.0004
15683 15881 15880 1.0340 -0.2558 0.2219 -0.0008 0.0004 0.0026
15684 15594 15647 0.8264 0.1969 -0.0233 -0.0021 0.0015 0.0004
15686 15689 15599 0.7533 -0.0663 0.3129 0.0027 0.0020 -0.0022
15596 15687 15686 0.2504 0.6221 0.1276 -0.0001 -0.0007 0.0019
15688
15689
15690
15691
15694 15693 15704 -0.0085 0.9675 0.0410 -0.0016 0.0015 0.0018
15694 15693 15704 1.0635 -0.1045 0.0410 -0.0016 0.0015 0.0018
15695 15885 15886 1.0188 -0.0288 0.0100 0.0012 -0.0009 0.0025
15711 15707 15696 0.0049 0.0147 0.9803 -0.0005 0.0004 -0.0025
15708 15697 15696 0.0197 0.9979 -0.0176 -0.0010 0.0007 -0.0022
15709 15698 15697 0.0264 0.9986 -0.0251 -0.0015 0.0011 -0.0015
15710 15699 15698 0.0297 1.0128 -0.0425 -0.0019 0.0014 -0.0007
15921 15711 15700 -0.0042 0.0046 0.9995 0.0005 -0.0006 -0.0028
15918 15673 15702 -0.0147 0.0178 0.9969 0.0022 -0.0017 -0.0014
15674 15593 15695 0.9534 -1.0179 1.0645 0.0010 -0.0009 0.0008
15705 15704 15715 -0.0124 0.8817 0.1307 -0.0016 0.0014 0.0018
15705 15704 15715 1.0596 -0.1903 0.1307 -0.0016 0.0014 0.0018
15717 15724 15714 1.1108 -1.0163 0.9055 0.0016 -0.0015 0.0010
15719 15708 15707 0.1023 -0.1807 1.0784 -0.0012 0.0008 -0.0021
15719 15708 15707 0.1023 0.8913 0.0064 -0.0012 0.0008 -0.0021
15720 15709 15708 0.1080 0.9049 -0.0129 -0.0017 0.0012 -0.0015
15721 15710 15709 0.1185 0.9086 -0.0270 -0.0019 0.0014 -0.0006
15722 15718 15707 1.0452 -1.0072 0.9620 -0.0004 0.0002 -0.0016
15712 15805 16061 0.9451 -0.1946 0.2495 -0.0027 0.0017 -0.0020
15921 15713 15723 -0.0392 0.9549 0.0843 0.0018 -0.0015 -0.0018
15717 15724 15714 -0.0196 0.0952 0.9244 0.0019 -0.0016 0.0011
15749 15715 15721 0.2171 0.8439 -0.0610 -0.0019 0.0016 0.0004
15716 15715 15749 1.0584 -0.2840 0.2256 -0.0015 0.0014 0.0019
15717 15887 15888 0.9899 -0.1746 0.1846 0.0014 -0.0014 0.0023
15753 15719 15718 0.1708 -0.2668 1.0960 -0.0013 0.0010 -0.0019
15753 15719 15718 0.1708 0.8052 0.0240 -0.0013 0.0010 -0.0019
15754 15720 15719 0.1949 0.8026 0.0026 -0.0017 0.0012 -0.0013
15755 15721 15720 0.2123 0.8094 -0.0217 -0.0018 0.0015 -0.0005
15756 15752 15718 1.1722 -1.0188 0.8466 -0.0005 0.0003 -0.0015
15758 15923 15922 1.0351 -0.8208 0.7857 0.0011 -0.0012 -0.0016
15724 15717 15751 1.0085 -0.1850 0.1766 0.0019 -0.0016 0.0011
15725
15726
15727
15728
15729
15730
15731
15732
15733
15734
15735
15736
15737 16016 16485 0.8370 0.1753 -0.0123 0.0002 -0.0001 0.0003
15738
15738 16449 16450 0.9909 -0.9099 0.9190 -0.0004 -0.0006 0.0021
15740
15741
15742
15743
15744
15745
15746
15747
15748
15761 15749 15755 0.2929 0.7382 -0.0311 -0.0013 0.0014 0.0004
15749 15761 15762 0.5902 -0.6252 1.0351 -0.0013 0.0021 0.0027
15751 15763 15771 0.7085 0.3442 -0.0526 0.0019 -0.0016 0.0011
15764 15752 15756 0.1840 0.7762 0.0397 -0.0008 0.0005 -0.0026
15765 15753 15752 0.2003 0.7515 0.0482 -0.0012 0.0010 -0.0017
15766 15754 15753 0.2191 0.7580 0.0229 -0.0014 0.0012 -0.0010
15767 15755 15754 0.2476 0.7560 -0.0036 -0.0014 0.0014 -0.0003
15769 15756 15923 0.1691 0.8141 0.0168 0.0002 -0.0005 -0.0030
15758 15770 15924 0.7981 0.2678 -0.0659 0.0014 -0.0016 -0.0023
15751 15763 15771 0.8351 -0.8673 1.0322 0.0019 -0.0017 0.0011
15774 15761 15767 0.4342 0.5540 0.0118 -0.0010 0.0012 0.0003
15762 15761 15774 1.0165 -0.4597 0.4431 -0.0003 0.0007 0.0008
15771 15763 15776 0.0106 0.5414 0.4480 0.0018 -0.0014 0.0010
15777 15764 15769 0.2411 0.7046 0.0543 -0.0019 0.0002 -0.0036
15778 15765 15764 0.2655 0.6219 0.1126 -0.0023 0.0012 -0.0022
15779 15766 15765 0.3002 0.6116 0.0882 -0.0020 0.0015 -0.0012
15780 15767 15766 0.3554 0.5826 0.0620 -0.0014 0.0014 -0.0003
15768
15777 15764 15769 0.2411 -0.3673 1.1262 -0.0019 0.0002 -0.0036
15924 15770 15783 -0.0155 0.7902 0.2254 0.0014 -0.0027 -0.0028
15771 15763 15776 1.0826 -0.5306 0.4480 0.0018 -0.0014 0.0010
15772
15712 15773 16056 0.1324 1.0726 -0.2050 -0.0016 0.0026 -0.0048
15785 15786 15775 0.9970 -0.1727 0.1757 -0.0006 0.0031 0.0029
15785 15786 15775 -0.1671 1.2684 -0.1013 -0.0005 0.0027 0.0026
15787 15795 15784 1.0374 -0.1537 0.1163 0.0030 -0.0018 0.0014
15789 15778 15777 0.5181 -0.6337 1.1156 -0.0019 0.0006 -0.0015
15789 15778 15777 0.5181 0.4660 0.0159 -0.0019 0.0006 -0.0015
15790 15779 15778 0.5699 0.4921 -0.0620 -0.0019 0.0011 -0.0010
15785 15774 15780 0.8013 -0.7567 0.9554 -0.0019 0.0024 0.0007
15781
15793 15788 15777 1.1334 -0.7028 0.5693 -0.0028 -0.0006 -0.0035
15794 15926 15925 1.1281 -0.5527 0.4246 0.0008 -0.0027 -0.0021
15787 15795 15784 -0.0349 0.6537 0.3812 0.0036 -0.0021 0.0017
15786 15785 15796 -0.0241 0.4797 0.5444 -0.0006 0.0028 0.0028
15786 15785 15796 1.0756 -0.6199 0.5444 -0.0006 0.0028 0.0028
15798 15807 15795 0.9118 -0.3633 0.4515 0.0029 -0.0014 0.0011
15800 15789 15788 0.3815 -0.4980 1.1165 -0.0029 0.0004 -0.0022
15800 15789 15788 0.3815 0.6017 0.0169 -0.0029 0.0004 -0.0022
15802 15791 15790 0.4532 -0.4927 1.0396 -0.0026 0.0019 -0.0004
15796 15785 15791 0.5296 -0.5228 0.9933 -0.0021 0.0026 0.0008
15792
15804 15799 15788 1.0925 -0.7304 0.6379 -0.0036 -0.0016 -0.0046
15926 15794 15806 -0.0157 0.6660 0.3496 0.0009 -0.0040 -0.0027
15798 15807 15795 -0.1619 0.6136 0.5483 0.0030 -0.0015 0.0012
15797 15796 15808 -0.0764 0.6006 0.4758 -0.0007 0.0028 0.0025
15797 15796 15808 1.0233 -0.4991 0.4758 -0.0007 0.0028 0.0025
15807 15798 15810 0.0597 0.4886 0.4517 0.0036 -0.0020 0.0016
15812 15800 15799 0.4194 -0.5633 1.1439 -0.0038 0.0002 -0.0026
15813 15801 15800 0.4318 -0.5842 1.1524 -0.0038 0.0014 -0.0014
15813 15801 15800 0.4318 0.5155 0.0528 -0.0038 0.0014 -0.0014
15814 15802 15801 0.4468 0.6024 -0.0492 -0.0032 0.0021 -0.0004
15803
15811 15799 15804 0.4087 -0.5181 1.1094 -0.0031 -0.0015 -0.0036
15817 15806 15807 0.4033 0.7204 -0.1237 0.0029 -0.0040 -0.0008
15807 15798 15810 1.1594 -0.6111 0.4517 0.0036 -0.0020 0.0016
15819 15808 15814 0.4920 0.5304 -0.0225 -0.0025 0.0029 0.0011
15809 15808 15819 0.9897 -0.4823 0.4927 -0.0006 0.0026 0.0023
15818 15810 15821 0.0548 0.4462 0.4990 0.0040 -0.0025 0.0019
15823 15812 15811 0.4727 -0.6925 1.2198 -0.0047 0.0002 -0.0028
15823 15812 15811 0.4727 0.4072 0.1201 -0.0047 0.0002 -0.0028
15824 15813 15812 0.4791 0.4141 0.1068 -0.0041 0.0016 -0.0014
15825 15814 15813 0.4798 0.4795 0.0407 -0.0037 0.0023 -0.0004
15815
15822 15811 15816 0.4693 -0.5983 1.1291 -0.0039 -0.0021 -0.0041
15828 15817 15818 0.4531 0.7093 -0.1624 0.0033 -0.0046 -0.0005
15828 15817 15818 0.4531 -0.3904 0.9373 0.0033 -0.0046 -0.0005
15830 15831 15820 0.6940 0.1394 0.1666 -0.0026 0.0099 0.0075
15935 15820 15831 -0.0465 0.2089 0.8376 0.0050 0.0055 0.0095
15832 15840 15829 0.9648 -0.3601 0.3953 0.0042 -0.0027 0.0019
15826 15837 15833 0.4161 -0.4152 0.9991 -0.0044 -0.0018 -0.0043
15834 15823 15822 0.5868 0.2482 0.1650 -0.0048 0.0005 -0.0026
15835 15824 15823 0.5860 0.2598 0.1541 -0.0046 0.0017 -0.0014
15836 15825 15824 0.5867 0.3191 0.0942 -0.0039 0.0026 -0.0001
15826 15929 15930 1.0171 -0.5525 0.5354 -0.0016 -0.0048 -0.0044
15839 15828 15829 0.5552 0.6550 -0.2101 0.0036 -0.0044 -0.0000
15839 15828 15829 0.5552 -0.4447 0.8895 0.0036 -0.0044 -0.0000
15841 15830 15836 0.7047 0.2118 0.0835 -0.0023 0.0029 0.0012
15841 15842 15831 0.0507 0.6678 0.2815 -0.0006 0.0020 0.0014
15843 15852 15840 0.9386 -0.1822 0.2436 0.0037 -0.0023 0.0016
15844 15833 15837 0.6782 0.3066 0.0152 -0.0043 -0.0018 -0.0041
15845 15834 15833 0.6997 0.1450 0.1553 -0.0050 0.0007 -0.0025
15846 15835 15834 0.7065 0.0259 0.2676 -0.0049 0.0021 -0.0011
15847 15836 15835 0.7097 0.0872 0.2032 -0.0041 0.0030 0.0003
15844 15833 15837 0.6782 -0.7931 1.1149 -0.0043 -0.0018 -0.0041
15838
15851 15931 15930 1.0203 -0.2798 0.2595 0.0017 -0.0052 -0.0024
15851 15839 15840 0.7348 -0.6251 0.8903 0.0034 -0.0037 0.0002
15848
15850
15861
15871
15873
15876
15877
15878
15879
15880
15881 15687 15596 0.9443 -0.2065 0.2622 -0.0004 -0.0002 0.0011
15881 15882 15603 0.1695 0.8356 -0.0052 0.0005 -0.0007 0.0029
15883 15590 15603 1.0500 -0.2417 0.1917 0.0004 -0.0010 0.0022
15590 15883 15884 -0.0387 0.1150 0.9237 0.0008 -0.0008 0.0029
15885 15694 15705 1.0389 -0.0683 0.0295 -0.0003 0.0005 0.0030
15886 15705 15716 1.0260 -0.1567 0.1307 -0.0002 0.0004 0.0030
15887 15716 15750 1.0297 -0.2502 0.2204 -0.0000 0.0001 0.0031
15750 15762 15941 0.6463 -0.6170 0.9707 0.0014 -0.0002 0.0057
15892
15893
15894
15895
15873 15896 15987 0.0064 0.8059 0.1877 -0.0012 -0.0003 -0.0017
15897
15898
15899
15900
15901
15902 15903 16041 0.8314 -0.1440 0.3127 -0.0033 0.0023 -0.0039
15903 15773 16042 0.7604 -0.0732 0.3128 -0.0034 0.0031 -0.0043
15904
15905
15906
15907
15908
15909
15910
15911
15912
15650 15659 15916 0.3350 -0.3099 0.9749 0.0010 -0.0014 -0.0008
15917 15665 15657 1.0937 -0.2723 0.1786 0.0005 -0.0007 -0.0025
15918 15672 15665 1.0727 -0.1521 0.0794 0.0006 -0.0006 -0.0027
15904 15650 15919 0.3621 -0.1412 0.7791 0.0001 0.0017 0.0009
15920 15700 15672 1.0715 -0.0679 -0.0036 0.0005 -0.0005 -0.0028
15922 15722 15711 1.1028 -0.9979 0.8951 0.0004 -0.0005 -0.0024
15722 15922 15923 -0.0835 0.8983 0.1852 0.0005 -0.0004 -0.0026
15769 15756 15923 0.1691 -0.2579 1.0888 0.0002 -0.0005 -0.0030
15769 15924 15925 -0.0375 0.8189 0.2186 -0.0001 -0.0017 -0.0040
15794 15926 15925 -0.0209 0.4366 0.5843 0.0009 -0.0032 -0.0025
15793 15926 15927 -0.0477 0.6904 0.3573 -0.0007 -0.0030 -0.0034
15804 15927 15928 -0.0567 0.6620 0.3947 -0.0013 -0.0037 -0.0039
15816 15928 15929 -0.0702 0.6287 0.4415 -0.0016 -0.0044 -0.0042
15826 15929 15930 -0.0826 0.5472 0.5354 -0.0016 -0.0048 -0.0044
15837 15930 15931 -0.1279 0.3839 0.7440 -0.0013 -0.0037 -0.0038
15936 15832 15821 1.0321 -0.4437 0.4117 0.0019 -0.0001 0.0018
15936 15831 15842 0.9781 -0.6920 0.7139 0.0006 0.0006 0.0010
15810 15937 15935 0.0305 0.4658 0.5038 0.0027 -0.0001 0.0026
15798 15938 15937 -0.0056 0.5261 0.4795 0.0028 -0.0003 0.0026
15787 15939 15938 0.0310 0.3986 0.5704 0.0026 -0.0003 0.0021
15787 15939 15938 0.0054 0.9123 0.0823 0.0025 -0.0003 0.0020
15776 15763 15941 0.4589 -0.4745 1.0156 0.0012 -0.0007 0.0016
15942
15943
15944
15945
15946
15947
15948
15949
15950
15951
15952
15953
15954
15955
15956
15957
15958
15959
15960
15961
15962
15963
15964
15965
15966
15967
15968
15969
15970
15971
15972
15973
15974
15975
15976
15977
15978
15979
15980
15981
15982 15974 15980 0.9575 0.0616 -0.0191 -0.0049 -0.0009 -0.0004
15989 15981 15975 1.0185 -0.7886 0.7701 -0.0001 -0.0000 -0.0003
15976 15984 15983 -0.0046 0.8297 0.1748 -0.0001 -0.0000 -0.0003
15977 15985 15984 -0.0042 0.8814 0.1228 -0.0000 -0.0000 -0.0001
15978 15986 15985 -0.0004 0.9211 0.0793 -0.0000 0.0000 0.0002
15988 15987 16020 0.1031 0.8667 0.0302 -0.0030 0.0003 -0.0020
15979 15987 15988 0.0071 -0.1165 1.1094 -0.0036 -0.0007 -0.0021
15896 15873 15981 0.9657 -0.6850 0.7193 -0.0004 -0.0001 -0.0008
16019 15990 16021 -0.1014 1.0501 0.0513 -0.0128 0.0035 0.0030
15991 16006 16007 0.6768 0.4014 -0.0782 -0.0062 -0.0073 0.0270
15990 15992 16022 -0.0140 0.9077 0.1063 -0.0122 0.0031 0.0005
15903 15902 15993 0.0901 0.4570 0.4529 -0.0007 0.0009 -0.0021
15994 16002 16006 0.7352 0.1533 0.1115 -0.0018 -0.0054 0.0284
15995
15996
15997
15998
15738 15739 15999 0.0698 0.1003 0.8299 -0.0016 -0.0027 0.0054
16000
16013 16008 16005 0.7564 -0.5758 0.8193 -0.0097 -0.0020 0.0089
19001 19003 19002 -0.3406 0.8296 0.5110 0.0002 0.0007 -0.0033
15999 16003 16015 0.2013 0.7211 0.0777 -0.0027 -0.0045 0.0103
16000 16004 16003 0.3896 -0.2316 0.8420 -0.0080 -0.0067 0.0088
16008 16004 16009 0.9751 -0.5687 0.5936 -0.0023 -0.0013 0.0015
16003 16007 16006 0.4407 -0.7313 1.2905 -0.0037 -0.0112 0.0192
16003 16007 16006 0.4341 0.5851 -0.0192 -0.0035 -0.0107 0.0183
16007 16003 16004 0.4505 0.1620 0.3876 -0.0170 -0.0151 0.0187
16004 16000 16014 1.2675 -0.9479 0.6804 0.0042 0.0026 -0.0022
16010 16015 16011 1.0739 -0.0546 -0.0193 0.0006 -0.0016 0.0040
16016 16011 16486 0.1131 1.2475 -0.3606 0.0050 -0.0056 0.0113
16012 16007 16008 0.6663 0.5619 -0.2282 -0.0176 -0.0087 0.0246
16013 16008 16005 0.7461 0.3882 -0.1342 -0.0210 -0.0044 0.0193
16004 16000 16014 0.2256 0.0192 0.7552 0.0070 0.0043 -0.0037
16010 16015 16011 0.2050 0.8485 -0.0535 0.0017 -0.0044 0.0112
16016 16011 16486 0.9006 0.2506 -0.1512 0.0022 -0.0024 0.0049
16017
15974 15982 16018 0.0727 -0.0726 0.9999 -0.0050 -0.0010 0.0006
16018 15982 15990 0.9438 -0.8048 0.8610 -0.0114 -0.0009 0.0015
15992 16020 16041 0.2217 0.5782 0.2002 -0.0069 0.0036 -0.0042
16021 16022 16036 1.0017 -0.2105 0.2088 -0.0129 0.0084 0.0011
16021 16022 16036 -0.0159 0.7579 0.2580 -0.0111 0.0072 0.0009
16023 15991 16012 0.8788 0.1036 0.0176 -0.0081 0.0022 0.0244
16024 15994 15991 0.8568 0.0979 0.0454 -0.0054 0.0012 0.0243
16027 16013 16001 0.6934 -0.4840 0.7906 -0.0150 0.0008 0.0143
16026 16012 16013 0.8398 0.0415 0.1187 -0.0135 0.0015 0.0297
16027 16013 16001 0.8168 0.2725 -0.0893 -0.0235 0.0012 0.0224
16028 16021 16037 0.8616 -0.0346 0.1730 -0.0133 0.0087 0.0049
16045 16032 16029 -0.0024 0.2186 0.7838 -0.0000 -0.0000 0.0001
16055 15993 16030 0.0439 0.4675 0.4886 -0.0002 0.0003 -0.0009
16043 16030 16031 0.0113 0.4147 0.5740 -0.0001 0.0002 -0.0006
16044 16031 16032 0.0037 0.3475 0.6488 -0.0000 0.0000 -0.0002
18010 18032 18027 0.8970 -0.6043 0.7074 -0.0106 0.0070 0.0105
16023 16035 16034 0.1029 0.0405 0.8566 -0.0025 0.0021 0.0164
16026 16040 16035 0.0843 -0.0102 0.9259 -0.0059 0.0033 0.0161
16022 16041 16042 1.2754 -1.4360 1.1606 -0.0070 0.0049 -0.0025
16028 16021 16037 -0.0665 0.0105 1.0560 -0.0101 0.0066 0.0037
18010 18032 18027 0.9316 0.3314 -0.2630 -0.0084 0.0055 0.0083
16123 16039 16033 -0.0374 0.5884 0.4490 -0.0139 0.0055 0.0241
16027 16039 16040 0.0161 0.3151 0.6688 -0.0089 0.0064 0.0222
16022 16041 16042 0.1917 0.5036 0.3047 -0.0086 0.0060 -0.0031
16036 16042 16133 -0.0095 0.9026 0.1069 -0.0069 0.0041 -0.0021
16043 16047 16056 0.9524 -0.4945 0.5421 -0.0000 0.0002 -0.0005
16044 16048 16047 0.9768 -0.4740 0.4972 -0.0001 0.0002 -0.0005
16045 16049 16048 0.9814 -0.3624 0.3810 -0.0000 0.0002 -0.0004
16050 16049 16045 0.6703 -0.6535 0.9832 0.0001 -0.0003 0.0008
18023 18014 18019 0.3148 0.6731 0.0121 -0.0003 0.0008 -0.0016
18015 18020 18019 1.0210 -0.2531 0.2322 0.0000 -0.0001 0.0001
18016 18021 18020 1.0096 -0.1508 0.1412 0.0001 -0.0005 0.0013
18016 18017 18022 0.0989 0.8972 0.0039 0.0000 -0.0003 0.0007
16051
16052
16053
16054
16055 16056 15773 0.8599 -0.2990 0.4391 -0.0008 0.0012 -0.0023
18002 18003 18023 0.0580 0.1019 0.8402 -0.0017 0.0023 -0.0038
18024 18011 18005 1.0317 -0.7199 0.6881 -0.0076 0.0060 0.0167
18025 18012 18011 0.8935 -0.3033 0.4099 -0.0046 0.0046 0.0134
18026 18006 18007 0.7728 0.2429 -0.0157 -0.0033 0.0002 0.0137
18010 18032 18027 0.1159 -0.0598 0.9440 -0.0074 0.0048 0.0073
18028 18007 18012 0.7914 0.1897 0.0189 -0.0043 0.0015 0.0117
15712 15773 16056 0.9623 -0.7730 0.8107 -0.0011 0.0019 -0.0035
16061 16088 16134 0.7394 -0.5819 0.8424 -0.0061 0.0024 -0.0018
16088 16089 16136 0.8158 -0.6891 0.8733 -0.0059 0.0020 0.0006
18010 18032 18027 0.1288 0.9399 -0.0687 -0.0067 0.0044 0.0066
16038 16037 16136 0.1817 -0.3256 1.1439 -0.0053 0.0039 0.0023
16375
16376
16377
16378
16379
16380
16381
16382
16383
16384
16385
16386
16387
16388
16389
16390
16391
16392
16393
16394
16395
16396
16397
16398
16416
16434
16435
16436
16437
16438
16439
16440
16441
16442
16443
16444
16445
16446
16492 16489 16447 0.2751 -0.2704 0.9953 0.0003 0.0005 0.0012
16472 16448 16456 0.2069 0.7931 0.0000 0.0000 0.0000 -0.0000
16449
16450
16451
16452
16453
16454
16455
16456
16457
16458
16459
16460
16461
16462
16463
16464
16465
16466
16467
16468
16448 16469 16468 0.3229 0.6821 -0.0050 0.0001 -0.0002 -0.0002
16489 16491 16470 0.3417 -0.3289 0.9872 0.0001 0.0003 0.0006
15615 16471 16472 0.2329 0.6903 0.0768 0.0004 0.0014 0.0041
16472
16473
16474
16475
16476
16477
16478
16479
15737 16016 16485 0.7296 -0.5271 0.7975 0.0038 -0.0020 0.0063
16481
16482
16483 16484 16002 0.7543 0.0789 0.1668 0.0001 -0.0049 0.0285
16484 16486 16011 0.7544 -0.3912 0.6368 0.0082 -0.0055 0.0214
16016 16011 16486 0.9135 -0.6854 0.7719 0.0043 -0.0048 0.0098
16016 16011 16486 0.0697 0.4015 0.5288 0.0066 -0.0074 0.0151
16487 16483 15994 0.8350 -0.0280 0.1930 -0.0011 0.0003 0.0243
16480 16488 15615 0.5295 0.2648 0.2057 0.0041 0.0026 0.0087
16492 16489 16447 0.4845 0.4184 0.0971 0.0020 0.0033 0.0074
16490
16489 16491 16470 0.5744 0.3761 0.0495 0.0011 0.0031 0.0056
16488 16492 16471 0.6350 0.1087 0.2563 0.0042 0.0046 0.0103
16493
16494
16495
16496
16497
16498
16499
16500
16501
16502
16503
16504
16505
16506
16506 16507 15986 0.0007 0.9550 0.0443 -0.0001 0.0000 0.0001
15986 16507 16508 0.1324 -0.1281 0.9957 -0.0002 -0.0000 0.0004
16046 16509 16510 0.1340 0.8626 0.0034 -0.0000 -0.0000 0.0000
18017 18034 18035 0.0574 0.9394 0.0031 0.0000 -0.0003 0.0008
16511
18026 18036 18037 0.1114 0.5992 0.2894 0.0004 -0.0012 0.0142
16528 16487 16024 0.9200 -0.1065 0.1865 0.0002 0.0025 0.0162
16529
16530
16531
16532
16533
16534
16535
16536
16537
16538
16539
16540
16541
16542
16543
17803 17872 16544 0.0488 -0.0638 1.0150 0.0004 0.0006 0.0022
16545
16606
16607
16608
16609
16610
16611
16612
16613
16614
16615
16616
16617
16618
16619
16620
16621
16622
16623
16624
16625
16626
16627
16628
16629
16630
16631
16632
16633
16634
16635
16636
16637
16638
16639
16640
16641
16642
16643
16644
16645
16646
16647
16648
16649
16650
16651
16652
16653
16654
16655
16656
16657
16658
16659
16660
16661
16662
16663
16664
16665
16666
16667
16668
16669
16670
16671
16672
16673
16674
16675
16676
16677
16678
16679
16680
16681
16682
16683
16684
16685
16686
16687
16688
16689
16690
16691
16692
16693
16694
16695
16696
16697
16698
16699
16700
16701
16702
16703
16704
16705
16706
16707
16708
16709
16710
16711
16712
16713
16714
16715
16716
16717
16718
16719
16720
16721
16722
16723
16724
16725
16726
16727
16728
16729
16730
16731
16732
16733
16734
16735
16736
16737
16738
16739
16740
16741
16742
16743
16744
16745
16746
16747
16748
16749
16750
16751
16752
16753
16754
16755
16756
16757
16758
16759
16760
16761
16762
16763
16764
16765
16766
16767
16768
16769
16770
16771
16772
16773
16774
16775
16776
16777
16778
16779
16780
16781
16782
16783
16784
16785
16786
16787
16788
16789
16790
16791
16792
16793
16794
16795
16796
16797
16798
16799
16800
16801
16802
16803
16804
16805
16806
16807
16808
16809
16810
16811
16812
16813
16814
16815
16816
16817
16818
16819
16820
16821
16822
16823
16824
16825
16826
16827
16828
16829
16830
16831
16832
16833
16834
16835
16836
16837
16838
16839
16840
16841
16842
16843
16844
16845
16846
16847
16848
16849
16850
16851
16852
16853
16854
16855
16856
16857
16858
16859
16860
16861
16862
16863
16865
16866
16867
16868
16869
16870
16872
16873
16874
16875
16876
16877
16879
16880
16881
16882
16883
16884
16885
16886
16887
16888
16889
16890
16892 16905 16906 0.9002 0.1005 -0.0007 0.0017 0.0013 0.0014
16892 16905 16906 0.8970 -0.8781 0.9811 0.0010 0.0008 0.0008
17200 17199 16907 0.8161 -0.7896 0.9735 -0.0000 -0.0000 0.0001
16893 16896 16895 0.0209 -0.0300 1.0091 0.0016 0.0014 0.0016
16893 16896 16895 0.0209 1.0367 -0.0576 0.0016 0.0014 0.0016
16894 16897 17201 0.0702 0.9511 -0.0213 -0.0007 -0.0009 0.0023
16951 16860 16898 -0.0089 0.2277 0.7812 0.0026 0.0028 0.0005
17196 17197 16899 0.3099 -0.3487 1.0388 0.0011 0.0012 0.0033
16862 16863 16901 0.6867 -0.1715 0.4847 0.0062 0.0032 0.0059
16865 16903 16901 0.4236 -0.3227 0.8991 -0.0010 0.0000 -0.0010
16865 16866 16904 0.7170 -0.2933 0.5763 -0.0006 -0.0001 -0.0003
16904
16905 16968 16992 1.0479 -0.1802 0.1323 0.0018 0.0012 0.0003
16905 16996 16995 0.9058 -0.8019 0.8961 0.0019 0.0013 0.0015
16999 16998 16908 0.8240 -0.8890 1.0650 0.0034 -0.0070 0.0064
16998 17001 16910 0.6620 -0.3626 0.7006 0.0004 -0.0003 0.0001
17001 17000 16911 0.6780 -0.3178 0.6398 -0.0049 0.0022 -0.0013
16911
16912
16913
16914
16916
16917
16918
16919
16920
16921
16922
16923
17814 17052 16924 -0.0252 0.2901 0.7351 -0.0004 0.0001 0.0013
16925
16926
16927
16928
16929
16930
16931
16932
16933
16934
16935
16936
16937
16938
16939
16940
16941
16942
16943
16944
16945
16946
16947
16948
16949
16950
16951
16952
16953
17223 16954 16955 0.0926 0.8900 0.0174 -0.0053 0.0015 0.0018
16955
16957 16956 16948 -0.0080 0.7298 0.2783 0.0014 0.0016 -0.0032
16957 16956 16948 1.0587 -0.3370 0.2783 0.0014 0.0016 -0.0032
16958 16957 16949 0.9819 -0.2160 0.2341 0.0021 0.0028 -0.0026
16959 16958 16950 0.9531 -0.1629 0.2098 0.0027 0.0031 -0.0010
16960 16953 16948 0.6051 0.3928 0.0021 0.0008 0.0005 -0.0025
16961
16954 17223 17222 0.8758 -0.3407 0.4649 0.0025 -0.0014 -0.0010
16910 16911 16964 0.9547 -0.9262 0.9716 -0.0054 0.0017 -0.0001
16964
16966 16965 16994 -0.0401 0.8702 0.1699 0.0007 0.0001 -0.0018
16967 16966 16993 -0.0433 0.8937 0.1496 0.0013 0.0006 -0.0013
16968 16967 16991 -0.0293 0.8976 0.1317 0.0017 0.0009 -0.0007
16968 16967 16991 1.0375 -0.1692 0.1316 0.0017 0.0009 -0.0007
16990 16994 16965 1.0799 -0.8961 0.8162 0.0002 -0.0002 -0.0016
16971 16972 16987 0.9781 -0.3973 0.4192 -0.0010 -0.0013 0.0002
16907 16908 16987 0.2753 -0.1640 0.8887 -0.0010 -0.0043 0.0014
16974 16973 16965 -0.0409 0.9155 0.1255 0.0008 0.0003 -0.0021
16975 16974 16966 -0.0347 0.9177 0.1170 0.0014 0.0008 -0.0015
16975 16974 16966 1.0320 -0.1490 0.1170 0.0014 0.0008 -0.0015
16976 16975 16967 1.0408 -0.1513 0.1105 0.0018 0.0012 -0.0007
17236 17235 16969 0.9500 -0.8725 0.9225 -0.0005 -0.0006 -0.0021
17235 17236 16978 0.1727 -0.1958 1.0231 -0.0019 -0.0017 -0.0010
16971 16978 16979 0.2629 -0.2851 1.0222 -0.0015 -0.0016 0.0003
16981 16980 16973 -0.0400 1.0005 0.0395 0.0009 0.0006 -0.0021
16982 16981 16974 -0.0325 0.9956 0.0369 0.0015 0.0009 -0.0015
16983 16982 16975 -0.0263 0.9956 0.0307 0.0018 0.0013 -0.0007
16983 16982 16975 1.0405 -0.0711 0.0307 0.0018 0.0013 -0.0007
16973 16980 16984 0.0507 -0.1021 1.0514 0.0003 0.0000 -0.0024
17236 17237 16985 0.0960 -0.1007 1.0047 -0.0017 -0.0017 -0.0011
16978 16985 16986 0.1061 -0.1132 1.0071 -0.0016 -0.0017 0.0002
16908 16910 16963 0.3655 -0.1982 0.8326 -0.0006 0.0011 -0.0001
16989
16990 16960 16956 0.7894 0.2786 -0.0680 0.0005 -0.0000 -0.0019
16992 16991 16958 -0.0637 0.9184 0.1453 0.0020 0.0014 -0.0008
16992 16991 16958 1.0030 -0.1483 0.1453 0.0020 0.0014 -0.0008
16991 16993 16957 -0.0668 0.9246 0.1422 0.0017 0.0013 -0.0018
16993 16994 16956 -0.0451 0.8711 0.1740 0.0010 0.0005 -0.0024
16995 16899 17197 0.8365 0.1662 -0.0028 0.0010 0.0008 0.0027
16996 16992 16959 1.0239 -0.1789 0.1551 0.0019 0.0013 0.0002
16998 16901 16903 0.7005 0.1528 0.1467 -0.0023 0.0002 -0.0017
16900 16901 16998 0.6390 -0.4446 0.8056 0.0058 -0.0014 0.0051
17000
16903 16904 17000 0.7772 -0.4807 0.7035 -0.0024 0.0003 -0.0006
17002
17003
17006 17017 17016 0.8457 -0.8729 1.0272 0.0012 0.0010 0.0013
17006 17017 17016 0.9590 0.0904 -0.0494 0.0016 0.0013 0.0018
17007 17018 17203 0.9871 0.0172 -0.0043 -0.0011 -0.0011 0.0022
17023 17012 17008 0.0338 -0.0338 1.0000 0.0004 0.0004 -0.0024
17020 17019 17008 1.0210 -0.9194 0.8984 0.0016 0.0015 -0.0031
17021 17020 17009 1.0069 -0.9335 0.9266 0.0018 0.0015 -0.0017
17022 17021 17010 1.0373 -0.9760 0.9387 0.0024 0.0020 -0.0008
17240 17239 17012 0.0136 -0.0187 1.0051 -0.0004 -0.0005 -0.0026
17237 17239 17014 -0.0022 -0.0190 1.0213 -0.0017 -0.0016 -0.0015
17014 17025 17026 0.9870 -0.9734 0.9864 -0.0009 -0.0009 0.0001
17017 17028 17027 0.8278 -0.8249 0.9970 0.0010 0.0007 0.0012
17017 17028 17027 0.8736 0.1644 -0.0380 0.0017 0.0013 0.0020
17029 17018 17026 0.0904 0.9624 -0.0527 -0.0016 -0.0014 0.0010
17031 17030 17019 -0.0961 0.2157 0.8804 0.0011 0.0010 -0.0017
17031 17030 17019 1.0008 -0.8487 0.8479 0.0017 0.0015 -0.0027
17032 17031 17020 0.9912 -0.8379 0.8467 0.0021 0.0018 -0.0017
17033 17032 17021 0.9960 -0.8081 0.8121 0.0024 0.0020 -0.0006
17034 17023 17019 0.1112 0.9598 -0.0711 0.0004 0.0004 -0.0024
17024 17462 17390 0.7114 0.2301 0.0584 0.0022 0.0011 -0.0019
17240 17241 17035 0.9458 -0.9845 1.0387 -0.0004 -0.0004 -0.0005
17029 17018 17026 0.0904 -0.1044 1.0140 -0.0016 -0.0014 0.0010
17065 17071 17033 1.1010 -0.8667 0.7657 0.0020 0.0018 0.0005
17028 17066 17065 0.7825 0.2702 -0.0527 0.0015 0.0013 0.0020
17029 17067 17205 0.8188 0.1712 0.0100 -0.0013 -0.0013 0.0021
17069 17068 17030 -0.0962 0.2701 0.8261 0.0012 0.0010 -0.0016
17069 17068 17030 0.9554 -0.7451 0.7897 0.0015 0.0013 -0.0022
17070 17069 17031 0.9593 -0.6614 0.7020 0.0020 0.0018 -0.0015
17071 17070 17032 1.0173 -0.7363 0.7190 0.0021 0.0018 -0.0004
17072 17034 17030 0.1746 0.9151 -0.0897 0.0005 0.0004 -0.0023
17074 17035 17241 0.1889 0.8587 -0.0477 -0.0015 -0.0014 -0.0019
17036 17075 17067 0.8099 0.2096 -0.0194 -0.0016 -0.0014 0.0010
17037
17038
17039
17040
17041
17042
17043
17044
17045
17046
17047
17048
17049
17050
16480 16485 17331 0.7004 -0.3412 0.6408 0.0048 -0.0046 0.0110
17052 17814 17819 1.0078 -0.1640 0.1562 -0.0003 -0.0002 0.0006
17053
17053 17054 17782 0.1026 0.8134 0.0840 0.0014 -0.0027 0.0050
17055
17056
17057
17058
17059
17060
17061
17062
17063
17064
17078 17084 17071 1.0006 -0.6031 0.6025 0.0014 0.0016 0.0005
17065 17066 17079 -0.0365 0.7128 0.3237 0.0011 0.0012 0.0016
17067 17075 17088 1.0451 -0.3031 0.2580 -0.0017 -0.0015 0.0010
17081 17086 17072 0.9264 -0.6955 0.7691 0.0011 0.0009 -0.0032
17082 17081 17068 0.9505 -0.6886 0.7381 0.0014 0.0013 -0.0019
17083 17082 17069 0.9444 -0.6581 0.7137 0.0015 0.0015 -0.0011
17084 17083 17070 0.9710 -0.6377 0.6668 0.0016 0.0016 -0.0003
17086 17243 17242 0.9423 -0.7885 0.8462 -0.0002 -0.0005 -0.0023
17074 17242 17243 1.0319 -0.1867 0.1548 -0.0014 -0.0018 -0.0022
17067 17075 17088 -0.0217 0.7637 0.2580 -0.0017 -0.0015 0.0010
17872 17076 16479 0.1086 0.8743 0.0171 0.0005 0.0014 0.0038
17091 17097 17084 0.9799 -0.4571 0.4772 0.0010 0.0013 0.0004
17079 17092 17091 0.4849 0.5207 -0.0056 0.0004 0.0008 0.0010
17088 17101 17093 0.4485 -0.4577 1.0092 -0.0017 -0.0013 0.0010
17094 17099 17086 0.8661 -0.5774 0.7114 0.0023 0.0006 -0.0041
17095 17094 17081 0.8781 -0.5686 0.6905 0.0023 0.0012 -0.0022
17096 17095 17082 0.9011 -0.5491 0.6480 0.0020 0.0014 -0.0012
17097 17096 17083 0.9285 -0.5079 0.5794 0.0012 0.0011 -0.0003
17085
17094 17099 17086 -0.1019 0.3278 0.7741 0.0017 0.0005 -0.0031
17243 17244 17100 0.7024 -0.7689 1.0664 -0.0013 -0.0025 -0.0027
17088 17101 17093 0.6549 0.4523 -0.1071 -0.0015 -0.0011 0.0009
17089
17024 17461 17384 1.0484 -0.9197 0.8712 0.0030 0.0049 -0.0063
17102 17108 17097 1.1162 -0.4605 0.3443 0.0040 0.0051 0.0015
17102 17091 17092 0.6194 -0.7000 1.0806 0.0010 0.0046 0.0047
17104 17093 17101 0.5820 0.4051 0.0130 -0.0047 -0.0022 0.0022
17106 17105 17094 -0.1814 0.4337 0.7477 0.0059 0.0011 -0.0047
17106 17105 17094 0.9880 -0.6829 0.6949 0.0050 0.0009 -0.0039
17107 17106 17095 1.0570 -0.6537 0.5967 0.0053 0.0030 -0.0027
17108 17107 17096 1.1411 -0.6559 0.5148 0.0047 0.0038 -0.0009
17098
17110 17099 17094 0.2137 0.9825 -0.1962 0.0055 -0.0010 -0.0060
17111 17100 17244 0.2157 0.8371 -0.0528 -0.0019 -0.0057 -0.0046
17104 17093 17101 0.5820 -0.7798 1.1978 -0.0047 -0.0022 0.0022
17103 17114 17113 0.5894 -0.6324 1.0429 0.0015 0.0067 0.0057
17103 17114 17113 0.3973 0.7172 -0.1145 0.0013 0.0058 0.0049
17104 17115 17257 0.5471 0.4162 0.0367 -0.0030 0.0000 0.0023
17117 17116 17105 0.1652 0.1583 0.6765 0.0028 0.0003 -0.0021
17118 17117 17106 0.1699 0.1655 0.6646 0.0038 0.0017 -0.0017
17119 17118 17107 0.1699 0.1945 0.6356 0.0044 0.0032 -0.0007
17113 17119 17108 0.0902 0.3193 0.5905 0.0042 0.0053 0.0017
17109
17121 17110 17105 0.3081 0.6147 0.0771 0.0021 -0.0007 -0.0022
17123 17124 17112 1.0277 -0.7969 0.7693 -0.0005 -0.0007 -0.0002
17115 17104 17112 0.4200 -0.3903 0.9703 -0.0025 -0.0012 0.0010
17114 17126 17125 0.5758 -0.7477 1.1719 0.0015 0.0059 0.0053
17114 17126 17125 0.5494 0.5490 -0.0984 0.0015 0.0059 0.0053
17115 17127 17256 0.5751 0.4045 0.0204 -0.0035 0.0000 0.0032
17129 17128 17116 0.1127 0.2708 0.6165 0.0034 0.0003 -0.0023
17130 17129 17117 0.1073 0.2858 0.6069 0.0046 0.0019 -0.0017
17131 17130 17118 0.1014 0.3020 0.5966 0.0051 0.0034 -0.0006
17125 17131 17119 0.0633 0.3531 0.5836 0.0047 0.0055 0.0020
17120
17128 17133 17121 0.0619 0.3145 0.6236 0.0019 -0.0009 -0.0022
17134 17135 17124 1.0774 -0.7395 0.6621 -0.0007 -0.0010 -0.0001
17124 17135 17127 0.6043 0.3623 0.0334 -0.0031 -0.0018 0.0014
17126 17137 17136 0.5320 -0.6878 1.1558 0.0014 0.0058 0.0051
17126 17137 17136 0.5235 0.5045 -0.0280 0.0014 0.0058 0.0051
17127 17138 17254 0.5109 0.4883 0.0008 -0.0037 0.0000 0.0036
17140 17139 17128 0.0281 0.4351 0.5368 0.0041 0.0005 -0.0024
17141 17140 17129 0.0267 0.4350 0.5383 0.0050 0.0021 -0.0017
17142 17141 17130 0.0306 0.4360 0.5335 0.0051 0.0037 -0.0003
17142 17141 17130 1.2737 -0.8097 0.5360 0.0059 0.0043 -0.0003
17132
17139 17143 17133 0.0306 0.4156 0.5538 0.0024 -0.0011 -0.0025
17145 17146 17135 1.1356 -0.7238 0.5883 -0.0012 -0.0015 0.0000
17135 17146 17138 0.5411 0.4311 0.0278 -0.0035 -0.0024 0.0016
17147 17153 17142 1.1899 -0.6054 0.4156 0.0046 0.0058 0.0024
17147 17136 17137 0.5807 -0.5397 0.9590 0.0012 0.0056 0.0048
17149 17138 17146 0.5903 0.5803 -0.1706 -0.0034 -0.0023 0.0015
17151 17150 17139 0.0058 0.5677 0.4266 0.0045 0.0007 -0.0024
17152 17151 17140 -0.0296 0.6148 0.4148 0.0051 0.0025 -0.0013
17153 17152 17141 -0.0642 0.6525 0.4117 0.0052 0.0041 0.0002
17153 17152 17141 1.2215 -0.6419 0.4203 0.0061 0.0049 0.0002
17143 17139 17150 0.9331 -0.4961 0.5630 0.0029 -0.0014 -0.0029
17156 17157 17146 1.1022 -0.5712 0.4690 -0.0017 -0.0020 0.0002
17156 17157 17146 -0.1160 0.6977 0.4182 -0.0026 -0.0030 0.0003
17158 17164 17153 1.1369 -0.4232 0.2863 0.0045 0.0056 0.0024
17158 17147 17148 0.7172 -0.6435 0.9263 0.0015 0.0056 0.0043
17149 17160 17208 0.2349 0.7131 0.0520 -0.0036 -0.0005 0.0029
17162 17161 17150 0.0393 0.6554 0.3053 0.0048 0.0009 -0.0024
17163 17162 17151 -0.0533 0.7636 0.2897 0.0053 0.0030 -0.0009
17164 17163 17152 -0.2738 1.0036 0.2703 0.0048 0.0046 0.0009
17164 17163 17152 1.0483 -0.3296 0.2812 0.0060 0.0057 0.0011
17161 17166 17154 0.0688 0.6171 0.3141 0.0029 -0.0011 -0.0028
17155
17168 17169 17157 1.0287 -0.2825 0.2538 -0.0017 -0.0018 0.0002
17160 17149 17157 0.7648 -0.6864 0.9216 -0.0030 -0.0019 0.0013
17165
17167
17178
17188
17190
17193
17194
17195
17196
16862 16900 17197 0.3247 -0.3086 0.9840 0.0009 0.0018 0.0040
17198 17197 16900 0.7860 0.1496 0.0644 0.0010 0.0006 0.0021
17198 16999 16907 1.0317 -0.8626 0.8308 0.0053 -0.0032 0.0104
17200 17199 16907 0.8655 0.1581 -0.0236 -0.0005 -0.0006 0.0027
16894 16897 17201 0.0702 -0.1157 1.0455 -0.0007 -0.0009 0.0023
17202 17203 17017 0.9698 0.0574 -0.0272 0.0003 0.0003 0.0028
17203 17204 17028 0.8895 0.1146 -0.0041 0.0002 -0.0001 0.0031
17204 17205 17066 0.8137 0.1942 -0.0079 0.0001 -0.0004 0.0033
17066 17205 17260 -0.0145 0.7213 0.2932 0.0001 -0.0004 0.0032
17209
17210
17211
17212
17213
17190 17300 17308 0.7112 -0.6623 0.9511 0.0011 -0.0002 -0.0014
17215
17216
17217
17218
17219
17220 17345 17368 0.6029 0.2695 0.1276 0.0028 0.0016 -0.0041
17221 17368 17369 0.6727 0.0891 0.2383 0.0034 0.0031 -0.0043
17223 17003 17218 0.6616 -0.2215 0.5599 -0.0009 0.0003 0.0009
17223 17003 17218 0.6418 0.4325 -0.0743 -0.0024 0.0007 0.0023
17224
17225
17226
17227
17228
17229
17230
17231
16962 17238 17235 0.0081 0.2163 0.7756 -0.0015 -0.0016 -0.0012
17236 17235 16969 0.8286 0.2317 -0.0604 -0.0006 -0.0007 -0.0025
17237 17236 16977 0.9325 0.1156 -0.0481 -0.0007 -0.0005 -0.0026
17222 17791 17238 0.1205 0.2016 0.6779 0.0001 -0.0004 -0.0010
17239 17237 16984 1.0221 0.0381 -0.0602 -0.0006 -0.0004 -0.0026
17241 17240 17023 0.1005 0.9619 -0.0624 -0.0005 -0.0005 -0.0026
17034 17072 17242 0.7118 -0.7960 1.0842 -0.0001 -0.0002 -0.0010
17086 17243 17242 -0.0574 0.2268 0.8306 -0.0002 -0.0007 -0.0030
17086 17099 17244 0.7459 -0.7934 1.0475 -0.0002 -0.0020 -0.0048
17099 17110 17245 0.8456 -0.9134 1.0677 0.0011 -0.0047 -0.0056
17110 17121 17246 0.6780 -0.7116 1.0336 0.0001 -0.0003 -0.0004
17121 17133 17247 0.6306 -0.6049 0.9743 0.0005 -0.0015 -0.0015
17133 17143 17248 0.5702 -0.5757 1.0055 0.0007 -0.0022 -0.0021
17143 17154 17249 0.4543 -0.4845 1.0302 0.0008 -0.0022 -0.0020
17154 17166 17250 0.2078 -0.3131 1.1053 0.0005 -0.0010 -0.0011
17255 17254 17138 0.5912 0.5825 -0.1737 -0.0034 0.0001 0.0032
17255 17208 17159 0.2536 0.7168 0.0296 -0.0021 0.0023 0.0037
17127 17138 17254 0.5278 -0.7584 1.2306 -0.0040 0.0000 0.0039
17115 17127 17256 0.5241 -0.7645 1.2404 -0.0045 0.0000 0.0041
17258 17257 17114 0.4724 0.5249 0.0027 -0.0026 0.0024 0.0043
17093 17104 17258 0.1356 -0.1644 1.0289 -0.0034 -0.0006 0.0029
17093 17259 17260 -0.0224 0.6033 0.4191 -0.0008 -0.0004 0.0010
17261
17262
17263
17264
17265
17266
17267
17268
17269
17270
17271
17272
17273
17274
17275
17276
17277
17278
17279
17280
17281
17282
17283
17284
17285
17286
17287
17288
17289
17290
17291
17292
17293
17294
17295
17296
17297
17298
17299
17300
17301
17302
17303 17309 17301 1.0292 -0.0814 0.0522 0.0048 -0.0010 -0.0005
17310 17304 17296 0.1919 0.8104 -0.0023 0.0002 -0.0001 -0.0006
17297 17296 17304 0.6922 -0.7090 1.0168 0.0001 -0.0000 -0.0003
17298 17297 17305 0.8069 -0.8157 1.0088 -0.0000 -0.0001 -0.0009
17299 17298 17306 0.8941 -0.8932 0.9991 -0.0001 -0.0000 -0.0002
17309 17314 17345 0.9805 -0.8905 0.9100 0.0011 0.0000 -0.0005
17300 17301 17309 -0.1095 0.1088 1.0007 0.0036 -0.0007 -0.0021
17214 17310 17302 0.2059 0.7878 0.0063 0.0005 -0.0001 -0.0011
17344 17355 17348 0.8376 -0.9460 1.1085 0.0116 0.0026 0.0033
17312 17337 17332 1.1367 -0.4537 0.3169 0.0069 -0.0077 0.0265
17313 17817 17818 1.0013 -0.2456 0.2443 0.0001 -0.0049 0.0286
17311 17348 17349 1.0628 -0.1237 0.0609 0.0141 0.0034 0.0007
17221 17383 17315 0.4539 -0.3517 0.8979 0.0008 0.0009 -0.0022
17316 17312 17330 1.1690 -0.4796 0.3107 0.0052 -0.0071 0.0268
17317
17318
17319
17320
17053 17335 17321 0.1781 -0.1533 0.9753 0.0013 -0.0029 0.0054
17322
17338 17323 17329 0.3104 0.4810 0.2085 0.0104 -0.0020 0.0102
17820 17325 17324 0.4257 -0.2841 0.8585 -0.0070 -0.0038 0.0237
17820 17325 17324 0.3944 0.5037 0.1020 -0.0064 -0.0035 0.0220
18787 18786 18788 0.4677 -0.7660 1.2984 0.0003 0.0007 -0.0067
17321 17335 17340 0.8414 -0.5885 0.7471 0.0028 -0.0046 0.0104
17322 17321 17327 0.2792 0.0806 0.6401 0.0082 -0.0061 0.0108
17333 17329 17334 0.4706 0.4825 0.0469 0.0006 -0.0003 0.0005
17327 17340 17330 -0.1661 0.5678 0.5983 0.0041 -0.0114 0.0186
16485 16486 17325 0.8583 -0.5388 0.6805 0.0051 -0.0065 0.0172
17327 17340 17330 0.8679 -0.3887 0.5208 0.0040 -0.0112 0.0181
17332 17333 17328 0.5162 0.0274 0.4565 0.0145 -0.0128 0.0213
17333 17329 17334 0.3297 -0.1705 0.8408 -0.0055 0.0025 -0.0053
17335 17341 17336 1.0066 0.0675 -0.0741 -0.0002 -0.0019 0.0038
17341 17819 17820 1.2618 -1.1356 0.8738 -0.0053 -0.0032 0.0086
17337 17338 17333 0.9118 -0.1640 0.2522 0.0126 -0.0052 0.0297
17338 17323 17329 1.1106 -0.3700 0.2594 0.0206 -0.0039 0.0202
17328 17334 17339 0.2789 -0.0884 0.8095 -0.0069 0.0036 -0.0044
17335 17341 17336 0.9553 -0.5870 0.6318 -0.0008 -0.0063 0.0124
17341 17819 17820 1.1586 -0.2617 0.1031 -0.0026 -0.0016 0.0042
17342
17295 17342 17343 0.0128 0.0598 0.9273 0.0050 -0.0009 0.0009
17343 17344 17311 0.1760 0.7706 0.0534 0.0126 -0.0017 0.0026
17314 17349 17368 0.9280 -0.7489 0.8209 0.0048 0.0011 -0.0012
17346 17821 17817 0.6774 0.1334 0.1893 -0.0051 -0.0002 0.0275
18072 18073 18004 -0.1875 0.1284 1.0591 0.0013 -0.0011 0.0134
17348 17364 17363 0.7903 0.1871 0.0225 0.0131 0.0082 0.0013
17311 17348 17349 0.0685 0.7996 0.1320 0.0168 0.0040 0.0008
17350 17353 17337 1.1000 -0.2493 0.1493 0.0100 0.0011 0.0234
17351 17350 17312 0.8316 0.0407 0.1277 0.0035 0.0019 0.0246
17354 17352 17323 0.1278 0.6811 0.1911 0.0129 0.0031 0.0176
17353 17354 17338 0.9808 -0.1796 0.1988 0.0153 0.0004 0.0287
17354 17352 17323 0.8133 0.1084 0.0783 0.0192 0.0047 0.0262
17355 17365 17364 0.8478 -0.0061 0.1583 0.0134 0.0081 0.0055
17372 17373 17356 0.1886 -0.1811 0.9926 0.0000 0.0000 -0.0000
17383 17370 17357 0.5034 -0.4637 0.9603 0.0001 0.0002 -0.0007
17370 17371 17358 0.4563 -0.4415 0.9851 0.0001 0.0002 -0.0005
17371 17372 17359 0.3150 -0.3040 0.9890 0.0000 0.0000 -0.0002
18045 18040 18063 0.1213 0.8412 0.0375 0.0108 0.0067 0.0099
17350 17351 17361 0.1630 -0.0598 0.8968 0.0024 0.0022 0.0164
17353 17350 17362 0.0105 0.0846 0.9050 0.0070 0.0028 0.0157
17349 17363 17369 -0.1026 1.1669 -0.0643 0.0078 0.0051 -0.0025
17355 17365 17364 -0.0420 -0.0354 1.0774 0.0102 0.0062 0.0041
18045 18040 18063 1.3196 -0.4091 0.0895 0.0089 0.0055 0.0081
17452 17455 17360 0.2789 -0.1903 0.9114 0.0098 0.0076 0.0268
17354 17353 17367 0.3924 -0.2949 0.9026 0.0119 0.0055 0.0223
17349 17363 17369 0.6904 -0.4370 0.7466 0.0086 0.0057 -0.0027
17363 17463 17462 0.8249 -0.7248 0.8999 0.0076 0.0053 -0.0031
17370 17383 17384 0.4152 0.5298 0.0551 0.0001 0.0003 -0.0007
17371 17370 17374 0.4377 0.5389 0.0234 0.0001 0.0002 -0.0006
17372 17371 17375 0.6036 0.3791 0.0173 0.0000 0.0001 -0.0002
17377 17373 17372 0.0122 0.7427 0.2450 0.0000 -0.0000 0.0000
18058 18065 18053 0.9675 -0.4978 0.5303 0.0003 0.0010 -0.0019
18050 18049 18053 0.7092 0.3045 -0.0137 0.0000 0.0001 -0.0001
18051 18050 18054 0.8256 0.1832 -0.0088 -0.0002 -0.0005 0.0010
18051 18055 18056 0.9708 -0.9291 0.9584 -0.0001 -0.0005 0.0013
18070 18071 18057 1.0058 -0.6971 0.6913 -0.0000 -0.0003 0.0008
17384 17461 17379 0.0598 0.1707 0.7695 0.0001 0.0002 -0.0004
17375 17374 17379 0.8939 -0.8088 0.9149 0.0001 0.0007 -0.0010
17376 17375 17380 0.8032 -0.6795 0.8763 0.0000 0.0002 -0.0002
17376 17381 17382 0.0986 0.3001 0.6012 0.0000 0.0007 -0.0010
17383 17221 17090 0.5078 0.3512 0.1410 0.0007 0.0011 -0.0023
18038 18065 18058 0.1148 -0.0470 0.9322 0.0020 0.0028 -0.0035
18059 18063 18040 0.4247 0.5872 -0.0119 0.0070 0.0061 0.0166
18060 18059 18046 0.4546 0.4446 0.1008 0.0052 0.0046 0.0138
18061 18064 18042 0.8901 -0.0884 0.1983 0.0012 0.0012 0.0144
18045 18040 18063 0.0225 0.1065 0.8711 0.0076 0.0047 0.0070
18064 18060 18047 0.7965 0.0509 0.1526 0.0005 0.0032 0.0125
17024 17461 17384 0.2481 0.7505 0.0014 0.0007 0.0011 -0.0014
17390 17462 17463 0.1389 0.6296 0.2315 0.0068 0.0031 -0.0025
17417 17463 17465 0.1316 0.6970 0.1714 0.0068 0.0027 0.0004
18045 18040 18063 1.2742 -1.2230 0.9488 0.0074 0.0046 0.0068
17365 17464 17465 -0.1534 0.2801 0.8733 0.0060 0.0037 0.0032
17704
17705
17706
17707
17708
17709
17710
17711
17712
17713
17714
17715
17716
17717
17718
17719
17720
17721
17722
17723
17724
17725
17726
17727
17745
17051 17763 16488 0.6797 -0.0096 0.3299 0.0068 0.0051 0.0147
17764
17765
17766
17767
17768
17769
17770
17771
17772
17773
17774
17775
17776
17777
17804 17778 16489 0.5900 0.2183 0.1918 0.0052 0.0055 0.0124
17826 17805 17779 -0.0219 0.2984 0.7235 -0.0001 0.0003 0.0004
17806 17807 17788 0.9624 -0.7441 0.7817 -0.0004 -0.0004 -0.0015
17781
17782
17783
17784
17785
17786
17787
17788
17789
17790
17222 17218 17231 0.4373 -0.1543 0.7170 0.0006 -0.0002 -0.0008
17792
17793
17794
17795
17796
17797
17798
17799
17800
17780 17788 17800 0.9359 -0.6009 0.6650 0.0000 0.0001 0.0001
17823 17779 17802 0.0009 0.3434 0.6557 -0.0000 0.0001 0.0001
17778 17803 16491 0.6048 0.2557 0.1394 0.0040 0.0035 0.0140
17763 17804 16492 0.9594 -0.2961 0.3367 0.0082 0.0080 0.0187
16924 17781 17806 0.9526 -0.7214 0.7688 -0.0000 -0.0000 0.0001
17806
17807
17808
17809
17810
17811
17812
17813
17052 17814 17819 0.1728 0.5524 0.2748 -0.0028 -0.0023 0.0056
17815
17816
17817 17316 17326 0.9326 -0.1914 0.2587 0.0011 -0.0054 0.0283
17818 17326 17336 0.9537 -0.2845 0.3308 -0.0004 -0.0096 0.0219
17341 17819 17820 0.4492 0.4186 0.1322 -0.0066 -0.0040 0.0106
17341 17819 17820 0.5586 -0.5123 0.9537 -0.0085 -0.0052 0.0137
17821 17351 17316 0.7258 0.1220 0.1522 -0.0001 0.0006 0.0243
17814 17052 16924 0.9865 -0.4707 0.4842 -0.0026 0.0007 0.0082
17826 17805 17779 0.9026 -0.3120 0.4095 -0.0028 0.0053 0.0074
17824
17823 17779 17802 0.9535 -0.3217 0.3683 -0.0013 0.0041 0.0056
17822 16924 17805 0.7509 -0.0870 0.3361 -0.0043 0.0049 0.0101
17827
17828
17829
17830
17831
17832
17833
17834
17835
17836
17837
17838
17839
17840
17840 17299 17307 0.7961 -0.7983 1.0022 0.0002 0.0000 0.0007
17307 17356 17842 0.0029 0.1398 0.8573 0.0000 -0.0000 0.0001
17373 17377 17844 0.9929 -0.7111 0.7182 -0.0000 -0.0002 0.0004
18052 18056 18071 0.9775 -0.7886 0.8111 -0.0000 -0.0002 0.0004
17845
18061 18041 18073 0.7078 -0.8003 1.0925 0.0016 0.0001 0.0123
17862 17361 17351 0.8954 0.0105 0.0941 0.0009 0.0021 0.0163
17863
17864
17865
17866
17867
17868
17869
17870
17871
17803 17872 16544 0.3430 0.6082 0.0488 0.0015 0.0021 0.0073
17873
17874
17875
17876
17877
17878
17879
17803 17825 17880 -0.0200 0.0944 0.9256 -0.0005 0.0009 0.0019
17881
17952
17953
17954
17955
17956
17957
17958
18072 18073 18004 0.6988 -0.8146 1.1158 0.0012 -0.0010 0.0128
17974
17975
17976
17977
17978
17979
17980
17981
17982
17983
17984
17985
17986
17987
17988
17989
17990
17991
17992
17993
17994
17995
17996
17997
17998
17999
18000
18001
15805 15587 16067 0.8863 -0.1844 0.2982 -0.0038 0.0010 -0.0027
16062 16057 16063 0.2792 0.6079 0.1129 -0.0015 0.0012 -0.0039
16058 16064 16063 0.8791 -0.1562 0.2771 -0.0008 0.0010 -0.0029
16059 16065 16064 0.8644 -0.2694 0.4050 -0.0002 0.0006 -0.0017
16059 16060 16066 0.5526 0.3032 0.1442 0.0000 0.0003 -0.0008
18024 18027 18082 0.0899 0.0315 0.8786 -0.0060 0.0027 0.0129
18025 18024 18079 0.4854 -0.3293 0.8440 -0.0020 0.0011 0.0051
18026 18028 18083 0.8936 -0.6887 0.7952 -0.0005 0.0002 0.0058
18027 18032 18087 0.6188 -0.4601 0.8413 -0.0054 0.0014 0.0045
18028 18025 18080 0.7878 -0.6090 0.8212 -0.0004 0.0002 0.0073
15587 15805 16062 0.1029 0.1467 0.7504 -0.0020 0.0007 -0.0030
16088 16061 16067 0.2653 0.5537 0.1810 -0.0047 0.0013 -0.0013
16089 16088 16091 0.2441 0.5793 0.1766 -0.0045 0.0011 0.0005
18027 18032 18087 -0.0676 0.2076 0.8601 -0.0054 0.0014 0.0046
16090 16089 16092 0.1737 0.6739 0.1523 -0.0042 0.0014 0.0022
16512 16513 16066 0.8691 -0.3952 0.5261 -0.0005 -0.0004 0.0016
18036 18026 18081 0.9814 -0.7901 0.8088 0.0002 -0.0001 0.0071
17122 17390 17396 0.6776 0.1992 0.1231 0.0038 0.0010 -0.0027
17391 17397 17392 0.8995 -0.5597 0.6601 0.0014 0.0009 -0.0033
17386 17385 17392 0.6914 0.1934 0.1151 0.0005 0.0009 -0.0027
17387 17386 17393 0.5883 0.2793 0.1324 0.0001 0.0005 -0.0015
17387 17394 17395 0.8448 -0.2897 0.4449 -0.0001 0.0003 -0.0009
17389 17846 17847 0.9613 -0.0521 0.0908 -0.0001 0.0001 -0.0006
18063 18059 18097 0.8855 -0.8000 0.9145 0.0058 0.0028 0.0126
18059 18060 18098 0.6464 -0.4786 0.8321 0.0044 0.0005 0.0103
18064 18061 18099 0.1215 0.0595 0.8190 0.0006 0.0000 0.0068
18072 18062 18100 0.0279 0.1409 0.8312 -0.0005 0.0005 0.0073
18068 18063 18101 0.3197 -0.2058 0.8860 0.0071 0.0015 0.0058
18060 18064 18102 0.1792 -0.0126 0.8334 0.0004 0.0002 0.0070
16891 17397 17391 0.2144 -0.1049 0.8905 0.0022 0.0009 -0.0030
17417 17420 17396 0.8027 -0.5165 0.7138 0.0040 0.0009 -0.0009
17418 17421 17420 0.8000 -0.5247 0.7247 0.0051 0.0014 0.0004
18068 18063 18101 1.1895 -1.0864 0.8968 0.0063 0.0014 0.0052
17419 17422 17421 0.8771 -0.6827 0.8057 0.0034 0.0010 0.0020
17846 17388 17395 0.4261 0.4292 0.1446 -0.0000 0.0002 -0.0004
18061 18072 18109 0.0946 0.0927 0.8127 -0.0002 0.0000 0.0067
18085 18074 18110 0.3632 -0.2276 0.8645 -0.0016 0.0005 -0.0009
16068 16063 16069 0.7961 0.0334 0.1704 -0.0020 0.0001 -0.0046
16064 16070 16069 0.8098 -0.5602 0.7504 -0.0001 0.0000 -0.0003
16065 16071 16070 0.7999 -0.5445 0.7446 0.0003 -0.0001 0.0041
16065 16066 16072 0.7960 -0.0196 0.2235 -0.0002 -0.0001 0.0023
18118 18123 18159 0.9552 -0.0025 0.0474 -0.0125 0.0036 0.0169
18080 18079 18115 0.1918 -0.1186 0.9268 -0.0015 0.0003 0.0116
18081 18083 18119 0.7229 -0.5625 0.8397 -0.0003 -0.0008 0.0108
18082 18087 18123 0.6363 -0.5956 0.9593 -0.0089 0.0042 0.0087
18083 18080 18116 0.6542 -0.5382 0.8841 -0.0008 -0.0004 0.0107
15598 15587 16068 0.2015 0.4684 0.3301 -0.0039 0.0006 -0.0051
16091 16067 16073 0.5421 0.1615 0.2964 -0.0082 0.0018 -0.0019
16092 16091 16094 0.4772 0.2225 0.3003 -0.0109 0.0018 0.0007
16093 16092 16095 1.0966 -0.3750 0.2784 -0.0169 0.0042 0.0096
16093 16092 16095 0.2788 0.4046 0.3166 -0.0133 0.0033 0.0076
16072 16066 16513 0.2219 0.5025 0.2757 -0.0012 -0.0003 0.0036
18090 18081 18117 0.8990 -0.7427 0.8437 0.0000 -0.0013 0.0125
18091 18104 18140 0.7102 -0.5621 0.8519 0.0039 0.0008 -0.0022
17397 17403 17398 0.8280 -0.0223 0.1943 0.0019 0.0002 -0.0047
17393 17392 17398 0.1823 0.6331 0.1846 0.0002 0.0000 -0.0006
17394 17393 17399 0.1737 0.6246 0.2017 -0.0004 -0.0001 0.0039
17394 17400 17401 0.7770 0.0173 0.2057 0.0002 -0.0001 0.0023
16514 16513 17959 0.1833 0.2056 0.6111 0.0026 0.0001 -0.0043
18142 18137 18173 0.0451 0.9018 0.0531 0.0125 0.0038 0.0169
18097 18098 18134 1.0542 -0.9884 0.9342 0.0020 -0.0005 0.0139
18102 18099 18135 0.2387 -0.0944 0.8557 0.0003 -0.0012 0.0114
18109 18100 18136 -0.0216 0.1470 0.8745 0.0004 -0.0008 0.0118
18106 18101 18137 0.2348 -0.2393 1.0045 0.0124 0.0033 0.0114
18098 18102 18138 0.2884 -0.1678 0.8794 0.0009 -0.0009 0.0117
16902 17403 17397 0.6614 -0.4596 0.7982 0.0032 0.0003 -0.0046
17420 17423 17402 0.7233 -0.1775 0.4543 0.0080 0.0011 -0.0012
17421 17424 17423 0.7272 -0.2398 0.5126 0.0110 0.0019 0.0007
17422 17425 17424 0.7115 0.3918 -0.1033 0.0172 0.0035 0.0105
17422 17425 17424 0.7353 -0.5018 0.7665 0.0128 0.0026 0.0078
17401 17848 17847 0.7741 -0.5734 0.7993 0.0028 -0.0001 0.0052
18099 18109 18145 0.1451 -0.0090 0.8639 -0.0000 -0.0009 0.0117
18121 18110 18146 0.2061 -0.1168 0.9107 -0.0117 0.0017 -0.0053
18120 18111 18147 0.2917 -0.1316 0.8399 -0.0031 0.0000 -0.0050
18111 18112 18148 0.3221 -0.1497 0.8276 -0.0005 -0.0001 -0.0024
18112 18113 18149 0.2926 -0.1204 0.8278 0.0000 -0.0000 -0.0014
18113 18114 18150 0.2043 -0.0299 0.8256 0.0001 -0.0000 -0.0009
18154 18159 18195 0.8061 0.0486 0.1453 -0.0152 0.0029 0.0201
18152 18151 18187 -0.0598 0.9750 0.0848 -0.0005 0.0022 0.0110
18117 18119 18155 0.6433 -0.7036 1.0603 0.0000 0.0006 0.0065
18154 18159 18195 0.2818 0.6726 0.0456 -0.0119 0.0023 0.0157
18119 18116 18152 0.4357 -0.4569 1.0212 -0.0000 0.0012 0.0081
18110 18120 18156 0.2256 -0.0871 0.8616 -0.0070 0.0004 -0.0060
16094 16073 16079 0.3250 0.3280 0.3470 -0.0222 0.0007 -0.0032
16095 16094 16097 0.3230 0.1758 0.5012 -0.0226 0.0015 0.0016
16096 16095 16098 0.9979 -0.6364 0.6386 -0.0233 0.0033 0.0141
16096 16095 16098 0.0403 0.2734 0.6863 -0.0208 0.0030 0.0126
18114 18125 18161 0.0825 0.0862 0.8313 0.0001 -0.0000 -0.0007
18126 18117 18153 0.9008 -0.9166 1.0158 -0.0005 0.0000 0.0085
18127 18140 18176 0.7885 -0.6989 0.9105 0.0091 0.0020 -0.0041
18128 18139 18175 0.7055 -0.5280 0.8225 0.0031 0.0000 -0.0049
18129 18128 18164 0.7470 -0.5750 0.8280 0.0005 -0.0001 -0.0022
18130 18129 18165 0.8171 -0.6438 0.8267 -0.0000 -0.0002 -0.0034
18131 18130 18166 0.9356 -0.7717 0.8361 -0.0000 -0.0000 -0.0002
16514 17960 17961 1.2221 -0.4942 0.2721 0.0070 -0.0026 -0.0059
18178 18173 18209 0.2011 0.6232 0.1757 0.0148 0.0043 0.0197
18173 18169 18205 0.1912 0.7065 0.1022 0.0028 0.0027 0.0118
18138 18135 18171 0.3994 -0.3854 0.9860 -0.0001 -0.0000 0.0098
16524 17966 17965 -0.0823 0.5944 0.4879 -0.0016 -0.0034 0.0158
18178 18173 18209 0.5105 0.4144 0.0751 0.0117 0.0034 0.0155
18134 18138 18174 0.5286 -0.5711 1.0424 0.0001 0.0009 0.0103
18139 18127 18163 0.7544 -0.6175 0.8631 0.0051 0.0007 -0.0044
17423 17426 17408 0.6706 -0.3117 0.6412 0.0223 0.0010 -0.0035
17424 17427 17426 0.5034 -0.1673 0.6639 0.0228 0.0020 0.0011
17425 17428 17427 0.2430 0.8224 -0.0654 0.0228 0.0044 0.0124
17425 17428 17427 0.3076 -0.2437 0.9361 0.0216 0.0042 0.0117
18144 18131 18167 0.9313 -0.7755 0.8442 -0.0002 -0.0000 -0.0009
18135 18145 18181 0.1740 -0.1566 0.9826 0.0005 -0.0004 0.0100
18157 18146 18182 0.0471 0.1167 0.8362 -0.0280 0.0005 -0.0154
18156 18147 18183 0.3109 0.0233 0.6658 -0.0120 -0.0065 -0.0190
18147 18148 18184 0.5129 -0.1797 0.6669 -0.0036 -0.0067 -0.0165
18148 18149 18185 0.5053 -0.1926 0.6873 -0.0021 -0.0059 -0.0172
18149 18150 18186 0.5822 -0.3037 0.7216 0.0020 -0.0042 -0.0174
18190 18195 18231 0.7843 -0.0451 0.2608 -0.0271 0.0016 0.0298
18187 18190 18226 0.8299 0.0187 0.1514 -0.0071 0.0007 0.0174
18189 18191 18227 0.2899 0.6146 0.0955 0.0015 0.0008 0.0064
16140 16161 16160 0.6943 0.2298 0.0759 -0.0230 0.0020 0.0265
18191 18188 18224 0.0173 0.8743 0.1084 0.0014 0.0005 0.0076
18146 18156 18192 0.1589 0.0917 0.7494 -0.0202 -0.0029 -0.0200
16097 16079 16085 0.0506 0.6243 0.3251 -0.0423 -0.0019 -0.0062
16098 16097 16100 0.0691 0.0860 0.8448 -0.0389 0.0038 0.0017
16101 16157 16161 0.6919 -0.6298 0.9379 -0.0359 0.0050 0.0159
16101 16157 16161 0.8084 0.3597 -0.1681 -0.0340 0.0047 0.0151
18150 18161 18197 0.4381 -0.1965 0.7584 0.0036 -0.0025 -0.0188
18198 18189 18225 0.6659 0.2279 0.1062 0.0008 0.0018 0.0080
18163 18176 18212 0.9126 -0.7788 0.8662 0.0265 0.0019 -0.0146
18164 18175 18211 0.6310 -0.3886 0.7576 0.0099 -0.0026 -0.0158
18165 18164 18200 0.4292 -0.1219 0.6926 0.0034 -0.0055 -0.0155
18166 18165 18201 0.4695 -0.1231 0.6536 0.0023 -0.0076 -0.0185
18167 18166 18202 0.4132 -0.0627 0.6495 -0.0023 -0.0074 -0.0202
18161 18168 18204 0.3043 -0.1103 0.8060 0.0060 -0.0006 -0.0194
18214 18209 18245 0.2125 0.4912 0.2963 0.0266 0.0034 0.0294
18209 18205 18241 0.3844 0.4185 0.1971 0.0077 0.0020 0.0189
18210 18207 18243 0.7190 0.1761 0.1049 -0.0014 0.0013 0.0059
15277 15271 15279 0.1329 0.1685 0.6986 -0.0016 -0.0016 -0.0027
18214 18209 18245 0.7120 0.1931 0.0949 0.0207 0.0026 0.0229
18206 18210 18246 0.9933 -0.1110 0.1177 -0.0014 0.0010 0.0072
18175 18163 18199 0.7583 -0.5706 0.8123 0.0180 -0.0001 -0.0179
17426 17429 17414 0.5527 -0.3986 0.8459 0.0433 0.0036 -0.0120
17427 17430 17429 0.2643 -0.2734 1.0091 0.0385 0.0012 0.0044
17430 17469 17490 0.0114 0.7225 0.2660 0.0358 0.0029 0.0140
17430 17469 17490 1.1174 -0.2315 0.1141 0.0352 0.0028 0.0138
18180 18167 18203 0.5733 -0.2646 0.6913 -0.0041 -0.0054 -0.0218
18207 18217 18253 0.3430 0.5484 0.1086 -0.0008 0.0020 0.0078
18193 18182 18218 0.1281 0.1851 0.6867 -0.0348 -0.0058 -0.0217
18192 18183 18219 0.7456 -0.4101 0.6645 -0.0088 -0.0076 -0.0271
18183 18184 18220 0.8393 -0.5170 0.6778 -0.0028 -0.0073 -0.0236
18184 18185 18221 0.5161 -0.1729 0.6567 -0.0065 -0.0079 -0.0247
18185 18186 18222 0.4293 -0.0993 0.6700 -0.0044 -0.0068 -0.0259
18226 18231 18267 0.6740 0.0829 0.2431 -0.0370 0.0019 0.0354
18223 18226 18262 0.6280 0.1369 0.2350 -0.0132 0.0011 0.0239
18225 18227 18263 0.2617 0.4928 0.2455 0.0008 0.0009 0.0110
18226 18231 18267 0.3478 0.5023 0.1499 -0.0299 0.0016 0.0287
18224 18223 18259 1.0702 -0.3174 0.2471 -0.0034 0.0007 0.0119
18182 18192 18228 0.3922 -0.0655 0.6733 -0.0224 -0.0069 -0.0285
18194 18193 18229 -0.2089 0.4195 0.7894 -0.0435 -0.0022 -0.0045
16172 16173 16157 1.2422 -0.9888 0.7466 -0.0507 0.0028 0.0046
18231 18232 18268 0.6535 0.3479 -0.0014 -0.0408 0.0006 0.0205
16172 16173 16157 0.0241 0.6543 0.3216 -0.0524 0.0029 0.0047
18186 18197 18233 0.2892 -0.0149 0.7256 -0.0016 -0.0045 -0.0284
18234 18225 18261 0.6546 0.0962 0.2491 0.0005 0.0011 0.0112
18199 18212 18248 0.7909 -0.5568 0.7659 0.0329 -0.0024 -0.0206
18200 18211 18247 0.1777 0.1285 0.6938 0.0085 -0.0064 -0.0263
18201 18200 18236 0.1713 0.1379 0.6908 0.0028 -0.0068 -0.0233
18202 18201 18237 0.4727 -0.1296 0.6569 0.0064 -0.0073 -0.0244
18203 18202 18238 0.5327 -0.1619 0.6292 0.0047 -0.0087 -0.0270
18204 18216 18252 1.0151 -0.7577 0.7425 -0.0022 -0.0047 -0.0279
18250 18245 18281 0.3111 0.4180 0.2709 0.0367 0.0029 0.0353
18245 18241 18277 0.5799 0.1487 0.2713 0.0141 0.0023 0.0257
18246 18243 18279 0.7509 0.0009 0.2483 -0.0007 0.0010 0.0108
15302 15298 15319 0.1689 -0.5325 1.3636 0.0027 -0.0090 0.0018
18250 18245 18281 0.6432 0.1854 0.1714 0.0297 0.0023 0.0286
18241 18242 18278 -0.0767 0.8141 0.2626 0.0033 0.0011 0.0116
18211 18199 18235 0.5127 -0.2192 0.7066 0.0220 -0.0060 -0.0281
18212 18213 18249 1.1022 -1.0200 0.9178 0.0379 0.0036 -0.0038
17501 17485 17486 0.2714 0.9750 -0.2464 0.0506 0.0027 0.0046
18251 18250 18286 0.3472 0.6303 0.0225 0.0407 0.0016 0.0205
17501 17485 17486 0.6624 -0.6382 0.9758 0.0524 0.0028 0.0048
18216 18203 18239 0.7131 -0.3625 0.6494 0.0018 -0.0085 -0.0311
18243 18253 18289 0.3620 0.3868 0.2512 -0.0005 0.0014 0.0109
